Random matrix A: 
     0.671      0.289      0.122      0.167      0.319 
     0.289      0.805      0.196      0.606       0.79 
     0.122      0.196       0.98        0.4      0.393 
     0.167      0.606        0.4      0.622      0.276 
     0.319       0.79      0.393      0.276      0.791 

Orthorgonal matrix of eigenvectors V: 
   -0.0298      -0.35      0.845      0.293      0.277 
    -0.673    0.00144      -0.33      0.356      0.558 
    -0.227       0.12      0.209     -0.857      0.395 
     0.459     -0.688     -0.364     -0.115      0.413 
     0.533      0.625     0.0332      0.201      0.533 

Diagonal matrix with corresponding eigenvalues D: 
    -0.155  -1.09e-16   1.04e-22   1.65e-24  -6.03e-11 
  -5.1e-17      0.386   2.53e-10  -2.55e-13  -2.27e-15 
  1.69e-17   2.53e-10      0.529   4.75e-15  -2.59e-17 
  1.68e-18  -2.55e-13   4.73e-15      0.819   6.51e-19 
 -6.03e-11  -2.21e-15  -1.03e-16    5.8e-17       2.29 

Checking that
A = VD(V^T): True
(V^T)AV = D: True
(V^T)V = I: True
V(V^T) = I: True
